701
747
708
746
741
742
751
749
01
04
05
07
08
09
10
11
14
15
16
17
18
19
21
22
23
24
2427
26
27
28
29
30
31
32
3233
33
34
34E
35
36
37
3738
38
39
40
4050
41
42
43
44
45
47
50
51
52
55
57
57A
59
60
62
627
64
65
66
67
68
69
70
70A
71
72
725
73
74
75
76
77
78
79
80
83
84
85
86
87
88
89
8993
90
91
92
93
94
95
96
97
99
100
101
104
105
106
108
109
110
111
112
114
116
116117
117
119
120
121
131
132
134
136
137
170
171
201
202
210
211
212
214
214216
215
216
217
220
221
222
225
230
236
238
240
245
274
275
276
277
325
326
350
351
352
354
411
424
426
428
429
430
431
434
435
436
439
441
441442
442
448
449
450
451
455
456
459
465
501
502
503
504
505
553
554
556
558
608
710
712
713
714
716
9701
9702
9703
